3.97370293182
3.99154179782
4.00982181626
4.02684808988
4.04142404617
4.05232838516
4.06056453463
4.06555974442
4.07006643132
4.07480364949
4.08055765981
-2.19415198191
-2.1809075308
-2.1643152756
-2.14323035187
-2.12104029723
-2.09893206265
-2.08018756328
-2.06638772546
-2.06108596457
-2.06338202719
-2.07420958862
-2.09157860878
-2.1144220006
-2.13925161668
-2.16501711669
-2.18873634709
4.07288261553
4.05774790006
4.04972178652
4.05293360578
4.07071705128
-2.17750262112
-2.12381119423
-2.05184317
-1.96872230968
-1.88417535213
-1.80822471869
-1.74716925801
-1.70335562311
-1.6755888911
-1.66153492557
-1.6595427695
-1.66654548648
-1.68012689307
-1.69959848108
-1.72273936827
-1.74938928433
-1.77842677216
-1.80885507186
-1.83941996734