      ELEMENT          1 [    0a]    GROUP     0
	 0.179283 	 0.350839 	 0.285671 	 0.150562 
	 0.179283 	 0.150562 	 0.285671 	 0.350839 
      ELEMENT          2 [    0a]    GROUP     0
	 0.350839 	 0.380000 	 0.500000 	 0.461940 
	 0.150562 	 0.000000 	 0.000000 	 0.191342 
      ELEMENT          3 [    0a]    GROUP     0
	 0.150562 	 0.285671 	 0.353554 	 0.191342 
	 0.350839 	 0.285671 	 0.353553 	 0.461940 
      ELEMENT          4 [    1 ]    GROUP     0
	 0.500000 	 0.604350 	 0.604350 	 0.461940 
	 0.000000 	 0.000000 	 0.302175 	 0.191342 
 ]    GROUP     0     ELEMENT          5 [    1 ]    GROUP     0
	 0.000000 	 0.191342 	 0.302175 	 0.000000 
	 0.500000 	 0.461940 	 0.604350 	 0.604350 
      ELEMENT          6 [    0a]    GROUP     0
	 -0.179283 	 -0.150562 	 -0.285671 	 -0.350839 
	 0.179283 	 0.350839 	 0.285671 	 0.150562 
      ELEMENT          7 [    0a]    GROUP     0
	 -0.150562 	 0.000000 	 0.000000 	 -0.191342 
	 0.350839 	 0.380000 	 0.500000 	 0.461940 
      ELEMENT          8 [    0a]    GROUP     0
	 -0.350839 	 -0.285671 	 -0.353553 	 -0.461940 
	 0.150562 	 0.285671 	 0.353554 	 0.191342 
      ELEMENT          9 [    1 ]    GROUP     0
	 -0.191342 	 -0.302175 	 -0.604350 	 -0.353553 
	 0.461940 	 0.604350 	 0.604350 	 0.353553 
      ELEMENT         10 [    1 ]    GROUP     0
	 -0.500000 	 -0.461940 	 -0.604350 	 -0.604350 
	 0.000000 	 0.191342 	 0.302175 	 0.000000 
      ELEMENT         11 [    0a]    GROUP     0
	 -0.179283 	 -0.350839 	 -0.285671 	 -0.150562 
	 -0.179283 	 -0.150562 	 -0.285671 	 -0.350839 
      ELEMENT         12 [    0a]    GROUP     0
	 -0.350839 	 -0.380000 	 -0.500000 	 -0.461940 
	 -0.150562 	 0.000000 	 0.000000 	 -0.191342 
      ELEMENT         13 [    0a]    GROUP     0
	 -0.150562 	 -0.285671 	 -0.353553 	 -0.191342 
	 -0.350839 	 -0.285671 	 -0.353554 	 -0.461940 
      ELEMENT         14 [    1 ]    GROUP     0
	 -0.500000 	 -0.604350 	 -0.604350 	 -0.461940 
	 0.000000 	 0.000000 	 -0.302175 	 -0.191342 
      ELEMENT         15 [    1 ]    GROUP     0
	 -0.191342 	 -0.353553 	 -0.604350 	 -0.302175 
	 -0.461940 	 -0.353554 	 -0.604350 	 -0.604350 
      ELEMENT         16 [    0a]    GROUP     0
	 0.179283 	 0.150562 	 0.285671 	 0.350839 
	 -0.179283 	 -0.350839 	 -0.285671 	 -0.150562 
      ELEMENT         17 [    0a]    GROUP     0
	 0.150562 	 0.000000 	 0.000000 	 0.191342 
	 -0.350839 	 -0.380000 	 -0.500000 	 -0.461940 
      ELEMENT         18 [    0a]    GROUP     0
	 0.350839 	 0.285671 	 0.353553 	 0.461940 
	 -0.150562 	 -0.285671 	 -0.353554 	 -0.191342 
      ELEMENT         19 [    1 ]    GROUP     0
	 0.000000 	 0.000000 	 0.302175 	 0.191342 
	 -0.500000 	 -0.604350 	 -0.604350 	 -0.461940 
      ELEMENT         20 [    1 ]    GROUP     0
	 0.500000 	 0.461940 	 0.604350 	 0.604350 
	 0.000000 	 -0.191342 	 -0.302175 	 0.000000 
      ELEMENT         21 [    0a]    GROUP     0
	 0.000000 	 0.179283 	 0.150562 	 0.000000 
	 0.190000 	 0.179283 	 0.350839 	 0.380000 
      ELEMENT         22 [    0a]    GROUP     0
	 0.000000 	 0.150562 	 0.191342 	 0.000000 
	 0.380000 	 0.350839 	 0.461940 	 0.500000 
      ELEMENT         23 [    1b]    GROUP     0
	 0.191342 	 0.353554 	 0.604350 	 0.302175 
	 0.461940 	 0.353553 	 0.604350 	 0.604350 
      ELEMENT         24 [    0a]    GROUP     0
	 0.000000 	 0.000000 	 0.150562 	 0.179283 
	 -0.190000 	 -0.380000 	 -0.350839 	 -0.179283 
      ELEMENT         25 [    0a]    GROUP     0
	 0.285671 	 0.150562 	 0.191342 	 0.353553 
	 -0.285671 	 -0.350839 	 -0.461940 	 -0.353554 
      ELEMENT         26 [    1b]    GROUP     0
	 0.191342 	 0.302175 	 0.604350 	 0.353553 
	 -0.461940 	 -0.604350 	 -0.604350 	 -0.353553 
      ELEMENT         27 [    0a]    GROUP     0
	 0.000000 	 0.000000 	 -0.150562 	 -0.179283 
	 0.190000 	 0.380000 	 0.350839 	 0.179283 
      ELEMENT         28 [    0a]    GROUP     0
	 -0.285671 	 -0.150562 	 -0.191342 	 -0.353553 
	 0.285671 	 0.350839 	 0.461940 	 0.353553 
      ELEMENT         29 [    1c]    GROUP     0
	 0.000000 	 0.000000 	 -0.302175 	 -0.191342 
	 0.500000 	 0.604350 	 0.604350 	 0.461940 
      ELEMENT         30 [    0a]    GROUP     0
	 0.000000 	 -0.179283 	 -0.150562 	 0.000000 
	 -0.190000 	 -0.179283 	 -0.350839 	 -0.380000 
      ELEMENT         31 [    0a]    GROUP     0
	 0.000000 	 -0.150562 	 -0.191342 	 0.000000 
	 -0.380000 	 -0.350839 	 -0.461940 	 -0.500000 
      ELEMENT         32 [    1c]    GROUP     0
	 0.000000 	 -0.191342 	 -0.302175 	 0.000000 
	 -0.500000 	 -0.461940 	 -0.604350 	 -0.604350 
      ELEMENT         33 [    0a]    GROUP     0
	 0.190000 	 0.380000 	 0.350839 	 0.179283 
	 0.000000 	 0.000000 	 0.150562 	 0.179283 
      ELEMENT         34 [    0a]    GROUP     0
	 0.285671 	 0.350839 	 0.461940 	 0.353554 
	 0.285671 	 0.150562 	 0.191342 	 0.353553 
      ELEMENT         35 [    1d]    GROUP     0
	 0.461940 	 0.604350 	 0.604350 	 0.353553 
	 0.191342 	 0.302175 	 0.604350 	 0.353553 
      ELEMENT         36 [    0a]    GROUP     0
	 -0.190000 	 -0.179283 	 -0.350839 	 -0.380000 
	 0.000000 	 0.179283 	 0.150562 	 0.000000 
      ELEMENT         37 [    0a]    GROUP     0
	 -0.380000 	 -0.350839 	 -0.461940 	 -0.500000 
	 0.000000 	 0.150562 	 0.191342 	 0.000000 
      ELEMENT         38 [    1d]    GROUP     0
	 -0.461940 	 -0.353553 	 -0.604350 	 -0.604350 
	 0.191342 	 0.353553 	 0.604350 	 0.302175 
      ELEMENT         39 [    0a]    GROUP     0
	 0.000000 	 0.190000 	 0.179283 	 0.000000 
	 0.000000 	 0.000000 	 0.179283 	 0.190000 
      ELEMENT         40 [    0a]    GROUP     0
	 0.000000 	 0.000000 	 -0.179283 	 -0.190000 
	 0.000000 	 0.190000 	 0.179283 	 0.000000 
      ELEMENT         41 [    0a]    GROUP     0
	 -0.190000 	 -0.380000 	 -0.350839 	 -0.179283 
	 0.000000 	 0.000000 	 -0.150562 	 -0.179283 
      ELEMENT         42 [    0a]    GROUP     0
	 -0.285671 	 -0.350839 	 -0.461940 	 -0.353553 
	 -0.285671 	 -0.150562 	 -0.191342 	 -0.353554 
      ELEMENT         43 [    1e]    GROUP     0
	 -0.461940 	 -0.604350 	 -0.604350 	 -0.353553 
	 -0.191342 	 -0.302175 	 -0.604350 	 -0.353554 
      ELEMENT         44 [    0a]    GROUP     0
	 0.190000 	 0.179283 	 0.350839 	 0.380000 
	 0.000000 	 -0.179283 	 -0.150562 	 0.000000 
      ELEMENT         45 [    0a]    GROUP     0
	 0.380000 	 0.350839 	 0.461940 	 0.500000 
	 0.000000 	 -0.150562 	 -0.191342 	 0.000000 
      ELEMENT         46 [    1e]    GROUP     0
	 0.461940 	 0.353553 	 0.604350 	 0.604350 
	 -0.191342 	 -0.353554 	 -0.604350 	 -0.302175 
      ELEMENT         47 [    0a]    GROUP     0
	 0.000000 	 0.000000 	 0.179283 	 0.190000 
	 0.000000 	 -0.190000 	 -0.179283 	 0.000000 
      ELEMENT         48 [    0a]    GROUP     0
	 0.000000 	 -0.190000 	 -0.179283 	 0.000000 
	 0.000000 	 0.000000 	 -0.179283 	 -0.190000 
