      ELEMENT          1 [    0a]    GROUP     0
  0.1792825      0.3508389      0.2856713      0.1505617    
  0.1792825      0.1505617      0.2856713      0.3508390    
      ELEMENT          2 [    0a]    GROUP     0
  0.3508389      0.3800001      0.5000000      0.4619398    
  0.1505617       0.000000       0.000000      0.1913417    
      ELEMENT          3 [    0a]    GROUP     0
  0.1505617      0.2856713      0.3535535      0.1913418    
  0.3508390      0.2856713      0.3535534      0.4619399    
      ELEMENT          4 [    1 ]    GROUP     0
  0.5000000      0.6043500      0.6043500      0.4619398    
   0.000000       0.000000      0.3021750      0.1913417    
 ]    GROUP     0     ELEMENT          5 [    1 ]    GROUP     0
   0.000000      0.1913418      0.3021750       0.000000    
  0.5000000      0.4619398      0.6043500      0.6043500    
      ELEMENT          6 [    0a]    GROUP     0
 -0.1792825     -0.1505617     -0.2856713     -0.3508390    
  0.1792825      0.3508390      0.2856713      0.1505617    
      ELEMENT          7 [    0a]    GROUP     0
 -0.1505617       0.000000       0.000000     -0.1913418    
  0.3508389      0.3800001      0.5000000      0.4619399    
      ELEMENT          8 [    0a]    GROUP     0
 -0.3508390     -0.2856713     -0.3535534     -0.4619398    
  0.1505617      0.2856713      0.3535535      0.1913418    
      ELEMENT          9 [    1 ]    GROUP     0
 -0.1913417     -0.3021750     -0.6043500     -0.3535534    
  0.4619398      0.6043500      0.6043500      0.3535534    
      ELEMENT         10 [    1 ]    GROUP     0
 -0.5000000     -0.4619398     -0.6043500     -0.6043500    
   0.000000      0.1913417      0.3021750       0.000000    
      ELEMENT         11 [    0a]    GROUP     0
 -0.1792825     -0.3508390     -0.2856713     -0.1505617    
 -0.1792825     -0.1505617     -0.2856714     -0.3508390    
      ELEMENT         12 [    0a]    GROUP     0
 -0.3508389     -0.3800001     -0.5000000     -0.4619399    
 -0.1505617       0.000000       0.000000     -0.1913418    
      ELEMENT         13 [    0a]    GROUP     0
 -0.1505617     -0.2856713     -0.3535534     -0.1913417    
 -0.3508390     -0.2856714     -0.3535535     -0.4619399    
      ELEMENT         14 [    1 ]    GROUP     0
 -0.5000000     -0.6043500     -0.6043500     -0.4619399    
   0.000000       0.000000     -0.3021750     -0.1913418    
      ELEMENT         15 [    1 ]    GROUP     0
 -0.1913417     -0.3535534     -0.6043499     -0.3021749    
 -0.4619399     -0.3535535     -0.6043500     -0.6043500    
      ELEMENT         16 [    0a]    GROUP     0
  0.1792825      0.1505617      0.2856713      0.3508390    
 -0.1792825     -0.3508390     -0.2856713     -0.1505617    
      ELEMENT         17 [    0a]    GROUP     0
  0.1505617       0.000000       0.000000      0.1913417    
 -0.3508389     -0.3800001     -0.5000000     -0.4619399    
      ELEMENT         18 [    0a]    GROUP     0
  0.3508390      0.2856713      0.3535534      0.4619399    
 -0.1505617     -0.2856713     -0.3535535     -0.1913418    
      ELEMENT         19 [    1 ]    GROUP     0
   0.000000       0.000000      0.3021750      0.1913417    
 -0.5000000     -0.6043500     -0.6043500     -0.4619399    
      ELEMENT         20 [    1 ]    GROUP     0
  0.5000000      0.4619398      0.6043500      0.6043500    
   0.000000     -0.1913417     -0.3021750       0.000000    
      ELEMENT         21 [    0a]    GROUP     0
   0.000000      0.1792825      0.1505617       0.000000    
  0.1900000      0.1792825      0.3508390      0.3800002    
      ELEMENT         22 [    0a]    GROUP     0
   0.000000      0.1505617      0.1913418       0.000000    
  0.3800001      0.3508390      0.4619398      0.5000000    
      ELEMENT         23 [    1b]    GROUP     0
  0.1913418      0.3535535      0.6043500      0.3021750    
  0.4619398      0.3535534      0.6043500      0.6043500    
      ELEMENT         24 [    0a]    GROUP     0
   0.000000       0.000000      0.1505617      0.1792825    
 -0.1900000     -0.3800001     -0.3508389     -0.1792825    
      ELEMENT         25 [    0a]    GROUP     0
  0.2856713      0.1505617      0.1913417      0.3535534    
 -0.2856713     -0.3508389     -0.4619399     -0.3535535    
      ELEMENT         26 [    1b]    GROUP     0
  0.1913417      0.3021750      0.6043500      0.3535534    
 -0.4619399     -0.6043500     -0.6043500     -0.3535534    
      ELEMENT         27 [    0a]    GROUP     0
   0.000000       0.000000     -0.1505617     -0.1792825    
  0.1900000      0.3800001      0.3508389      0.1792825    
      ELEMENT         28 [    0a]    GROUP     0
 -0.2856713     -0.1505617     -0.1913417     -0.3535534    
  0.2856713      0.3508389      0.4619398      0.3535534    
      ELEMENT         29 [    1c]    GROUP     0
   0.000000       0.000000     -0.3021750     -0.1913417    
  0.5000000      0.6043500      0.6043500      0.4619398    
      ELEMENT         30 [    0a]    GROUP     0
   0.000000     -0.1792825     -0.1505617       0.000000    
 -0.1900000     -0.1792825     -0.3508390     -0.3800002    
      ELEMENT         31 [    0a]    GROUP     0
   0.000000     -0.1505617     -0.1913417       0.000000    
 -0.3800001     -0.3508390     -0.4619399     -0.5000000    
      ELEMENT         32 [    1c]    GROUP     0
   0.000000     -0.1913417     -0.3021749       0.000000    
 -0.5000000     -0.4619399     -0.6043500     -0.6043500    
      ELEMENT         33 [    0a]    GROUP     0
  0.1900000      0.3800001      0.3508389      0.1792825    
   0.000000       0.000000      0.1505617      0.1792825    
      ELEMENT         34 [    0a]    GROUP     0
  0.2856713      0.3508389      0.4619398      0.3535535    
  0.2856713      0.1505617      0.1913417      0.3535534    
      ELEMENT         35 [    1d]    GROUP     0
  0.4619398      0.6043500      0.6043500      0.3535534    
  0.1913417      0.3021750      0.6043500      0.3535534    
      ELEMENT         36 [    0a]    GROUP     0
 -0.1900000     -0.1792825     -0.3508390     -0.3800002    
   0.000000      0.1792825      0.1505617       0.000000    
      ELEMENT         37 [    0a]    GROUP     0
 -0.3800001     -0.3508390     -0.4619398     -0.5000000    
   0.000000      0.1505617      0.1913417       0.000000    
      ELEMENT         38 [    1d]    GROUP     0
 -0.4619398     -0.3535534     -0.6043500     -0.6043500    
  0.1913417      0.3535534      0.6043500      0.3021750    
      ELEMENT         39 [    0a]    GROUP     0
   0.000000      0.1900000      0.1792825       0.000000    
   0.000000       0.000000      0.1792825      0.1900000    
      ELEMENT         40 [    0a]    GROUP     0
   0.000000       0.000000     -0.1792825     -0.1900000    
   0.000000      0.1900000      0.1792825       0.000000    
      ELEMENT         41 [    0a]    GROUP     0
 -0.1900000     -0.3800001     -0.3508389     -0.1792825    
   0.000000       0.000000     -0.1505617     -0.1792825    
      ELEMENT         42 [    0a]    GROUP     0
 -0.2856713     -0.3508389     -0.4619399     -0.3535534    
 -0.2856714     -0.1505617     -0.1913418     -0.3535535    
      ELEMENT         43 [    1e]    GROUP     0
 -0.4619399     -0.6043500     -0.6043499     -0.3535534    
 -0.1913418     -0.3021750     -0.6043500     -0.3535535    
      ELEMENT         44 [    0a]    GROUP     0
  0.1900000      0.1792825      0.3508390      0.3800002    
   0.000000     -0.1792825     -0.1505617       0.000000    
      ELEMENT         45 [    0a]    GROUP     0
  0.3800001      0.3508390      0.4619398      0.5000000    
   0.000000     -0.1505617     -0.1913417       0.000000    
      ELEMENT         46 [    1e]    GROUP     0
  0.4619398      0.3535534      0.6043500      0.6043500    
 -0.1913417     -0.3535535     -0.6043500     -0.3021750    
      ELEMENT         47 [    0a]    GROUP     0
   0.000000       0.000000      0.1792825      0.1900000    
   0.000000     -0.1900000     -0.1792825       0.000000    
      ELEMENT         48 [    0a]    GROUP     0
   0.000000     -0.1900000     -0.1792825       0.000000    
   0.000000       0.000000     -0.1792825     -0.1900000    
